231123311143433334111323513140220312430352020530355
002313303032210031340314312003010320224404022622605
220330201413404422305112240330213320021136124315415
201320204042120231444423450514444264034132022532310
100230132320401153153211332210134066253434230603403
122032442431414332522045441015500404344203644233226
202321031434355013211523304504664140162101106663501
033422404010423322510522632054006500415024100365442
110443431341401301233403206566150220000024461521454
201203422242133202032302263406105000637616447267624
104022033221031042241034106164466623536612244376774
440414310500545052512332656122163241446422624364551
210004115150024101145654165555423566515754711264245
030042432414255562126315563211647645153362721512142
403123015321050535251565357633562474213343726145764
114301034250403323442564327645166772164175757584482
342135502250325230031455573651146635678748778856468
240331414023533433311117124527727134563268363765626
435521420116206160651166217552425745555244872556778
430142200342652562361156566471575782662428747225633
101154055404461145474553357357435226287655284867536
125205523012146541452325155713277563445585483226638
152205531442652200416553617228567268556458664338963
233343103643212413761233124526836322436345686967999
501320340461623523537621263368458686388686939337494
515322360042621777412121437723477582693859378967469
205513414500467712163114548784778857594533965478846
041100604001336362642258742846457779439797634646658
330432606365061456254442526383759337794885884574763
033216032220115616576773874887677934937366554498565
215111363343756276436445667785966574594365559764868
415106311514725425418676378769957879764874855455454
152263045613177665648375528588468936695497559865474
311405136106436751167488647478374739958766847885898
131443421361717252678663268356687689566784598894969
114520223332777465223364875648649544757874847599865
156464406534124114847235838367885658894975444878866
341262503143467744668835539889446596657688869875588
354062244564521725625863867798447588968959666555598
035003352561512182538484597854465568656549866688667
113555506117316553752425399466445855596576885595765
260525047433675637362744744746965596745875587686787
213036656715765765336849567376558777645985876768858
225226243535142385386537866646748879665589678668868
652500055731517563452799369639476546488879888978888
024003237232476584354267844688644488895875886897676
211124217521676866657866967469554969776798799797689
510442553712443855247736378387867488559767587798878
220055237372748256763577645667969449698885959788976
050143342621224332656354344358485996676998697799776
316046134444356827463638837499878598587857688887687
